## SEC. 2.3] Stress and Strain: Important Relationships 31

![Figure 2.14: Plane stress maximum shear stress.](figures/fig2_14.png)
<!-- Description: Four subfigures labeled (a) through (d). (a) Initial element with stresses 11 kpsi, 5 kpsi, and 4 kpsi on x-y axes. (b) Transformed element containing principal stresses, labeled 13 kpsi and 3 kpsi, with axes 1 and 2 and angles 26.6° and 63.4°, and View A. (c) View A from part (b), showing directions 3 and 1 and 13 kpsi. (d) Two-dimensional transformation of part (c) showing the maximum shear stress, with axes x′ and z′, angle 45°, and stresses 6.5 kpsi. -->

(a) Initial element

(b) Transformed element containing  
Principal stresses

(c) View A from  
part (b)

(d) Two-dimensional transformation of  
part (c) showing the maximum shear stress

**Figure 2.14** Plane stress maximum shear stress.

A counterclockwise rotation of $45^\circ$ of the normal in the 3 direction about axis 2 is represented by

$$
\left\{
\begin{array}{c}
x' \\
y' \\
z'
\end{array}
\right\}
=
\begin{bmatrix}
\cos 45^\circ & 0 & -\sin 45^\circ \\
0 & 1 & 0 \\
\sin 45^\circ & 0 & \cos 45^\circ
\end{bmatrix}
\left\{
\begin{array}{c}
1 \\
2 \\
3
\end{array}
\right\}
$$

$$
=
\begin{bmatrix}
0.7071 & 0 & -0.7071 \\
0 & 1 & 0 \\
0.7071 & 0 & 0.7071
\end{bmatrix}
\left\{
\begin{array}{c}
1 \\
2 \\
3
\end{array}
\right\}
\qquad (b)
$$

Thus,

$$
\left\{
\begin{array}{c}
x' \\
y' \\
z'
\end{array}
\right\}
=
\begin{bmatrix}
0.7071 & 0 & -0.7071 \\
0 & 1 & 0 \\
0.7071 & 0 & 0.7071
\end{bmatrix}
\begin{bmatrix}
0.4472 & -0.8944 & 0 \\
0.8944 & 0.4472 & 0 \\
0 & 0 & 1
\end{bmatrix}
\left\{
\begin{array}{c}
x \\
y \\
z
\end{array}
\right\}
$$

$$
=
\begin{bmatrix}
0.3162 & -0.6325 & -0.7071 \\
0.8944 & 0.4472 & 0 \\
0.3162 & -0.6325 & 0.7071
\end{bmatrix}
\left\{
\begin{array}{c}
x \\
y \\
z
\end{array}
\right\}
$$